100
2 3 2
1 1 1
2 1 2
3 2 3
88 7 88
4 6 4
66 9 66
6 2 6
6 14 6
42 9 42
3 3 3
100 6 100
4 26 4
4 1 4
99 4 99
3 37 3
14 2 14
71 3 71
14 7 14
80 8 80
56 1 56
89 9 89
74 8 74
1 3 1
49 3 49
62 4 62
1 4 1
60 10 60
100 1 100
4 29 4
25 11 25
9 18 9
91 2 91
29 10 29
4 4 4
2 59 2
46 1 46
39 4 39
44 9 44
11 3 11
3 13 3
4 3 4
9 9 9
19 6 19
60 7 60
10 18 10
5 25 5
12 7 12
57 7 57
4 2 4
100 4 100
10 5 10
13 8 13
21 5 21
86 3 86
28 6 28
26 5 26
3 1 3
100 2 100
29 9 29
25 4 25
49 10 49
97 6 97
1 2 1
64 9 64
1 13 1
34 9 34
65 2 65
95 3 95
89 1 89
1 100 1
2 39 2
100 9 100
3 36 3
28 2 28
2 4 2
62 1 62
90 8 90
2 49 2
7 8 7
58 10 58
3 8 3
27 6 27
3 4 3
76 3 76
21 12 21
56 5 56
51 2 51
43 1 43
7 4 7
15 14 15
1 11 1
81 5 81
2 2 2
1 32 1
100 3 100
82 6 82
39 11 39
5 1 5
66 1 66
