100
2 3 2
1 1 1
2 1 2
3 2 3
83 2 83
100 9 100
13 7 13
1 3 1
6 13 6
21 7 21
34 9 34
4 1 4
2 2 2
79 4 79
57 6 57
24 1 24
25 1 25
8 4 8
9 17 9
15 12 15
22 7 22
12 1 12
2 59 2
23 6 23
58 6 58
85 2 85
64 9 64
19 11 19
13 5 13
100 4 100
62 5 62
3 4 3
3 3 3
52 9 52
2 7 2
35 5 35
4 4 4
4 19 4
100 3 100
48 9 48
12 16 12
69 9 69
4 2 4
1 4 1
24 4 24
3 37 3
100 1 100
10 2 10
3 1 3
14 7 14
25 12 25
2 50 2
5 10 5
65 5 65
88 3 88
12 15 12
81 6 81
2 4 2
27 6 27
14 6 14
4 29 4
32 4 32
23 8 23
95 3 95
1 24 1
68 4 68
2 12 2
1 42 1
72 4 72
1 2 1
91 5 91
4 3 4
95 2 95
63 4 63
43 10 43
93 5 93
1 10 1
1 100 1
1 51 1
25 2 25
68 9 68
36 4 36
69 1 69
15 9 15
10 18 10
34 5 34
96 2 96
26 4 26
39 6 39
80 8 80
20 1 20
45 4 45
37 5 37
2 23 2
11 2 11
10 5 10
2 39 2
100 2 100
65 3 65
25 4 25
