100
6 0002201
6 0000001
5 111111
1 01
6 0000008
6 7000001
1 21
6 1122201
2 001
0 2
6 2992838
2 801
2 051
6 1012221
1 64
3 1448
3 0701
4 16279
6 0000001
5 808006
4 11631
2 501
2 695
6 3075507
6 0000001
6 9999999
6 4005001
0 1
6 1121212
6 3200011
6 5206001
6 8200001
6 2600009
0 1
6 2121102
6 1111111
5 000001
3 4003
6 0010001
6 0000002
6 0005001
6 0499888
3 4001
1 07
6 9277483
4 70007
6 0906021
5 328514
6 3000001
6 0000001
6 1220112
3 0022
6 6200009
6 0112221
0 4
6 0121022
0 1
5 400001
6 5009002
1 01
6 0007071
6 9054842
6 4000186
0 1
1 91
6 2135031
6 9000001
6 5605081
6 8785102
6 5170904
1 56
1 01
1 16
3 1111
5 110011
6 4300601
0 1
1 11
5 102021
6 0076001
0 6
0 1
6 2221112
1 01
6 9006001
4 02001
6 2022112
2 008
6 3001191
6 0030301
4 21022
6 0000001
4 11111
2 121
6 3189893
6 1201122
2 102
3 5801
1 09
6 1011011
