100
4 10021
6 0000001
3 8103
2 711
6 6410645
6 8021071
6 1020212
6 5000011
6 0000004
6 6453237
5 000005
6 0001001
5 000081
5 111201
6 3955222
6 2519881
6 0070011
6 5904001
6 0001701
6 0000001
0 1
6 1969677
6 4999302
4 46263
6 9000601
1 11
6 8745555
0 1
0 1
0 2
4 00022
6 9308002
0 1
6 1600496
6 2100201
6 2002001
5 967192
6 1900861
6 2087601
6 0400001
6 2122221
0 1
3 0006
3 7071
5 700001
6 0000001
1 01
6 1120941
6 2020121
0 1
6 5066646
6 2120021
6 1111121
6 0009001
6 0000001
6 0600781
6 8000401
6 0057028
6 0007761
6 7820612
4 39883
5 000022
6 0700081
1 51
2 403
6 3450835
1 02
3 2011
6 0005601
6 0000001
4 05001
3 9001
6 1112111
6 2070001
4 00001
1 11
6 2201222
5 000001
6 9000901
2 292
6 0005001
1 61
2 211
1 09
6 0001212
3 7007
6 0000002
6 3780261
1 81
4 11111
6 0000001
5 000001
5 110011
1 41
1 01
6 9999999
4 36961
1 21
6 1111111
5 000001
